-0.5401
-0.8301
-1.4812
-1.7192
-2.2332
-2.3493
-2.8173
-3.0564
-3.4324
-3.7014
-3.4975
-3.5375
-3.4556
-3.2436
-3.1926
-3.3467
-4.2347
-3.6418
-4.0018
-3.4848
-4.8229
-2.3819
-0.5289
-5.0050
-2.6330
-5.6651
-0.9501
1.4989
-4.7552
-3.4592
-1.9353
-2.1353
-0.1303
0.8226
-2.5764
-1.3495
3.6865
1.0735
0.7434
1.1384
4.0823
-1.5987
-0.7837
-3.5648
2.1432
-0.0648
-1.2649
3.5951
-1.9640
0.2230
-1.2200
3.9769
-3.4611
-2.9592
-2.3652
0.2048
-1.9653
-1.8523
2.6566
2.4866
-0.5004
0.5815
0.2975
-1.7196
1.7594
1.6504
1.3203
2.4173
0.5523
1.1002
-1.0168
3.5081
3.3991
-0.4199
2.0590
-0.9500
-1.3421
1.3659
1.0129
-1.5002
0.2298
-0.8553
2.9137
2.6767
-2.1653
1.5297
-1.1043
0.6057
2.1557
1.5367
-0.6613
1.7507
-0.2563
0.9187
-2.7073
1.3307
0.9267
-0.8753
-1.3793
1.8197
3.4687
2.8727
-0.0203
1.0947
2.4147
1.1097
-2.1043
-2.6003
3.2857
0.5907
4.9567
-0.2563
0.0567
0.6667
-0.3793
0.2167
0.7587
-0.9593
-2.3483
2.2857
-3.6233
-5.9663
-2.8213
-6.0433
-1.9743
-2.9133
-4.8143
-0.5243
-6.7073
-4.6233
-5.0503
-6.4424
-1.0704
-3.6365
-7.1275
-6.6795
0.4404
-5.2786
-5.9216
-0.3817
-0.6967
-1.3248
-1.4798
-0.3368
-2.1629
-1.7679
0.1300
-4.4820
2.3100
0.1469
-0.3051
1.6928
-3.6372
2.6508
3.1297
1.9217
-1.6454
-2.3114
-1.9784
1.2415
5.7585
-1.6025
4.5254
-2.1256
1.7043
-0.0687
1.8473
0.8173
1.5043
0.5883
1.7253
2.0233
0.7713
-3.0147
1.2673
0.3893
4.1913
2.5883
2.0993
5.2443
3.5953
5.1143
5.3893
0.5803
1.3433
1.1303
1.1603
0.8853
1.0463
1.9693
2.3893
2.9163
-0.1677
0.3813
1.6033
1.8783
4.2293
-0.9927
5.7173
5.3203
3.6793
1.0693
3.9623
1.0913
2.1143
1.9693
0.2523
0.1143
1.7943
1.5423
1.7733
7.0654
3.8004
-1.7935
6.1175
1.3175
3.9456
8.2916
2.1256
3.2187
5.0527
2.0858
3.0268
1.8068
4.0309
3.8949
0.3780
2.8230
2.0620
3.0711
4.6381
1.1362
2.4132
0.8432
5.2033
-0.9927
-1.3796
-0.6066
-1.1236
-1.0305
-3.7455
-7.2705
-4.7574
-8.3354
-3.8983
-3.8983
-8.0923
-5.7012
-7.2352
-7.9602
-9.9762
-9.3422
-7.3042
-5.2812
-7.7702
-7.9302
-9.6022
-6.9452
-7.4792
-11.0752
-13.8783
-14.3693
-15.1803
-15.2054
-13.5814
-19.4465
-16.2265
-15.2285
-14.2306
-14.8896
-11.7236
-10.1987
-13.0407
-11.5388
-12.4108
-13.2218
-14.0869
-9.5549
-8.4730
-12.2460
-12.0950
-12.2041
-7.6871
-10.9942
-8.6222
-12.9902
-9.8323
-11.0103
-7.8594
-6.7624
-7.8484
-4.6365
-9.2415
-9.7705
-6.2076
-6.2076
-4.2957
-7.3357
-2.7877
-3.2178
-1.7998
-2.1529
-5.6819
-3.8059
-1.6170
-2.3440
3.5619
-1.4021
0.6419
-2.0852
-1.2252
-0.0663
-2.2443
-0.5213
-1.0574
4.3756
1.6406
-1.7425
-0.7525
2.3444
2.1974
-1.3086
2.5523
4.7333
3.1742
0.5762
-1.3258
-2.5119
3.2121
0.5000
2.4980
-0.7640
-3.0641
1.6599
-1.1061
-0.1842
-0.9272
0.0407
0.4967
1.7927
-1.4614
2.9866
-0.6715
3.3945
1.4995
5.7264
4.4194
-1.8877
3.3843
0.8403
-0.1458
1.8362
0.5751
1.3901
4.3341
1.1340
0.0630
2.3660
1.8759
3.0649
1.5508
0.5188
0.4628
5.2857
5.2377
6.2426
-0.0494
2.7886
4.2595
4.1585
5.1714
1.7424
0.1224
4.4103
1.7893
4.7952
-0.3208
0.9512
2.0181
4.0851
4.2201
2.7450
-0.5700
4.0410
3.8880
1.7730
0.4450
-0.7080
2.8270
1.7280
-1.2420
2.4300
-1.5090
-0.3330
0.7730
4.0560
5.0410
-0.0280
-1.8680
-0.6240
-0.3640
3.9950
2.4220
1.7810
2.5520
3.6820
2.9410
1.4600
0.5830
0.2700
3.5980
-1.1880
-0.9290
0.3840
2.0860
-3.1430
-0.6080
0.8570
3.3690
1.4830
-1.3330
-1.0430
-1.2880
1.3150
-0.3410
-1.1120
1.6510
-1.6080
-0.0970
0.5440
1.2310
-1.9820
-1.1200
-2.4710
-4.0280
-3.3330
-0.4400
-2.2500
0.8570
0.2920
-2.8680
-0.2800
-0.7920
0.6890
3.5520
-0.9980
1.6360
-0.9670
1.3460
2.0330
-0.8140
0.2850
-4.1960
1.5670
1.1320
-2.3640
3.6820
1.2850
2.6440
2.0330
1.7960
3.6360
5.4680
0.6280
4.0860
0.6050
1.9260
3.4530
2.7370
1.7771
-2.5489
-1.7239
2.5371
-1.2109
0.4862
-0.7738
1.5332
2.8642
1.8893
0.9063
4.3584
0.7574
2.2174
-1.1085
-2.1755
1.3996
-2.7974
-1.1614
-3.6093
-3.6933
-5.3273
-6.6253
-1.5333
0.9547
-1.9993
-4.2893
-1.5033
-0.8923
-1.0603
-6.0453
-2.1823
-2.2203
-2.9024
-3.2244
-3.4254
-4.0685
-4.3755
-4.3086
-4.1506
-4.0456
-4.0407
-4.4467
-4.3188
-4.8018
-3.3458
-4.6999
-5.7169
-4.0699
-4.4990
-4.4940
-4.9541
-2.4211
-3.0341
-3.5172
-2.7482
-3.7963
-4.1413
-3.1893
-1.4514
-1.6054
-1.3715
-3.3735
-1.0315
-1.5296
-3.1276
-0.6567
-1.8487
-1.6067
0.0472
-2.7938
1.1962
-3.3629
-0.0979
1.3730
-4.0180
1.8350
-2.8081
0.8839
-0.5222
-5.3182
-2.6712
-1.7803
-1.3393
-2.2504
-4.1224
-3.0174
-3.9735
-4.5635
1.7854
-1.2476
1.6214
1.6214
-0.2227
-2.2327
-0.3568
1.4052
0.8911
-1.4769
-4.0899
-1.7330
-2.6050
-4.3251
-0.1741
-1.6951
-4.9042
-3.3942
-1.0683
4.1357
4.0807
-3.5784
-0.5494
0.6085
-2.7295
-0.0365
-3.1756
1.4704
-3.9356
-2.9527
-2.9017
-3.8578
0.3002
-2.2058
-3.4749
-1.5149
-1.7690
-2.1530
0.7540
-0.8741
0.2079
0.6938
1.3408
0.1328
0.7337
-2.5733
-0.4614
2.3616
3.4356
3.2125
-2.1405
0.4675
1.5804
-0.4826
4.0113
1.2153
-2.0157
-3.0558
-3.2638
0.0311
1.6711
-3.5069
-2.6010
-2.1370
-3.1771
0.0269
-0.1121
2.2438
0.2578
-0.7373
-1.4263
-2.1993
3.3786
-2.1194
-0.2734
-3.1005
1.9515
-1.9216
-1.8236
2.8764
-0.1797
-0.2727
-0.7178
1.0282
0.1712
1.3911
-1.9929
-1.4150
0.1020
2.1380
-2.8031
-0.7821
-0.2571
-0.6562
1.8308
-0.3163
-0.2273
-2.9773
-0.9184
2.0186
0.7415
2.1695
2.9245
0.6885
0.4825
-2.0975
2.8335
2.8335
5.0925
3.5205
0.9175
5.6885
4.2995
4.2225
3.5585
4.5505
0.0085
2.3525
4.0015
-0.5105
6.2075
3.0085
3.1085
0.0625
3.1535
0.8255
4.6575
-1.4495
0.6885
5.3985
4.3236
2.1736
1.4887
3.2537
3.6297
6.0898
4.6648
1.1319
3.8979
3.1899
2.6650
-0.3940
-0.2780
-3.6039
5.0391
2.6222
-3.1398
-0.8778
1.2003
-3.9117
0.6324
1.0764
-1.4406
1.7905
0.1665
1.9096
1.4156
2.6696
0.4727
2.6807
3.5527
2.2038
3.3668
0.7879
-1.0341
1.7849
1.6570
-6.7990
-6.4309
-7.3369
-5.0529
-7.3328
-6.4678
-6.0617
-4.6857
-5.2277
1.1413
-2.9657
-4.0807
-4.1797
-4.4467
-5.6907
-1.8437
-5.5687
-3.5767
-1.3937
-2.2257
-6.0577
-5.5537
-4.5537
-2.0577
-2.6607
-3.3167
-2.5157
-1.3937
-3.5387
1.9963
-2.2787
-0.4777
4.2093
-2.7677
1.2473
2.3013
-1.6227
-2.8357
1.0113
1.6063
-1.9737
2.7133
2.4773
-2.5457
-2.2937
-0.3097
1.5153
1.2323
0.1943
3.3543
2.5153
1.3313
2.9653
2.6373
3.2023
0.8123
1.6143
2.5453
3.5683
3.5073
3.6373
2.7154
2.8624
6.6285
3.2485
5.7315
5.7315
2.3456
0.5156
8.1137
6.1617
2.0488
3.1728
3.4268
1.7649
0.9199
5.4030
3.8780
-0.7840
2.2181
3.2581
3.3972
1.7962
9.9742
7.1063
7.8713
6.2014
3.2574
2.6944
8.1545
4.7825
6.6165
9.6256
7.1926
8.3857
11.6777
9.6877
8.3388
17.3868
16.4039
14.3829
13.3089
13.6540
11.5490
11.2081
11.5611
9.1511
10.5802
9.8422
8.4093
4.7313
6.9933
7.2624
9.7074
7.9224
12.3375
5.2705
8.3336
4.9846
5.2386
3.8057
7.7157
6.1148
7.2308
1.8138
3.5639
4.7029
1.1100
9.3410
1.4800
5.6961
5.5761
0.2192
0.8012
3.6892
3.5463
4.0673
3.7943
6.6814
3.9664
4.8995
4.8785
2.0715
0.2946
2.7316
2.8407
-1.5083
-0.2463
-4.3432
-0.4872
-7.0421
-5.0931
-1.8621
-4.4100
-5.9570
-7.4899
-7.7089
-6.8599
-7.3618
-10.2528
-8.0748
-6.3247
-5.4527
-7.1986
-6.2346
-5.8206
-10.5895
-12.9995
-4.8144
-8.0794
-10.9324
-7.5643
-11.6303
-10.7282
-11.7182
-13.6782
-10.5381
-13.8651
-9.3360
-10.3720
-10.0880
-11.1089
-10.7419
-10.0399
-5.8409
-9.1239
-10.4599
-8.7799
-8.2539
-8.1009
-10.4369
-7.7349
-8.8339
-6.1159
-11.3400
-9.0590
-13.2691
-4.7501
-3.5771
-9.8152
-9.3672
-7.9572
-4.5623
-2.5563
-5.4664
-3.8204
-4.6945
-7.4505
-8.3375
-0.0186
-5.8226
-1.8016
1.7003
-4.5997
-4.6098
-1.4438
-2.6079
-1.1729
-0.9609
1.4871
-7.3490
-1.4710
-2.6181
-1.9251
-1.0271
1.6738
-1.3742
-3.1933
-4.2863
-4.0213
-6.0694
-4.7124
-1.4475
0.0845
-4.7115
-6.9346
-4.6616
-1.6407
-1.6587
-2.2407
-2.8918
-2.0018
-1.7658
0.8661
-4.8689
-5.5200
-4.3690
-7.0050
-6.1751
-3.6881
-6.4692
-4.7152
-8.2132
-1.8113
-5.0573
-8.4104
-1.0384
-3.6514
-6.8365
-5.4415
-6.4896
-6.2016
-6.0966
-5.2517
-5.0467
-9.4917
-8.2348
-9.0918
-8.3379
-3.4009
-7.4489
-9.7940
-10.3920
-12.4091
-10.8541
-2.0241
-2.1671
-2.2101
-2.2101
-2.1000
-1.9679
-2.2249
-2.0859
-2.0228
-2.0898
-2.4387
-2.0397
-2.2967
-2.2967
-1.9646
-3.7566
-2.0365
-3.7445
-3.7445
-2.8114
-3.1514
-0.8513
-2.5743
-2.5743
-1.3432
-3.6752
-4.2071
-3.0681
-3.0681
-4.5220
-0.4280
0.2151
0.1021
0.1021
-1.2978
-1.8378
2.1943
-0.3907
-0.3907
1.1854
0.6074
1.4335
3.0545
3.0545
3.9035
2.9536
1.2077
-0.0733
-0.0733
2.0078
0.7268
-0.5151
2.1969
2.1969
0.4600
0.5690
-3.5279
-1.5409
-1.5409
1.4782
0.0832
1.8712
0.0723
0.0723
1.0614
0.4064
-2.9656
1.7465
1.7465
-3.8625
1.0426
-2.3754
-0.3273
-0.3273
1.3488
1.1898
2.5658
-1.5771
-1.5771
3.8759
0.2690
0.6680
0.5561
0.5561
2.4911
4.9432
-2.0848
-1.6557
-1.6557
-2.8877
-0.9696
1.6584
0.1485
0.1485
-0.5895
1.0786
0.3626
2.9907
2.9907
0.5517
-0.9802
3.3958
1.3289
1.3289
1.5549
0.8160
1.4210
2.1640
2.1640
-1.1989
1.6582
-2.3848
-2.0478
-2.0478
-0.7307
-0.4456
3.9994
-2.5026
-2.5026
0.2875
-3.6794
-5.2424
3.3626
3.3626
3.7867
-2.3033
2.5078
0.1898
0.1898
0.6209
1.2949
3.0070
-2.3650
-2.3650
2.5011
-3.0689
1.2382
1.2632
1.2632
1.5023
-1.8907
-3.4686
-2.2306
-2.2306
-0.5795
-2.8965
-1.5124
-1.4564
-1.4564
-1.4244
-0.9083
-2.9752
1.1408
1.1408
0.8838
2.1169
0.9970
-0.6430
-0.6430
2.7030
0.0891
1.9842
-1.8538
-1.8538
1.4382
1.7633
5.0934
3.9654
3.9654
0.4735
1.2315
1.6755
0.1586
0.1586
0.0867
4.1037
2.0677
5.0698
5.0698
0.7759
3.8619
1.0629
1.8130
1.8130
2.2580
0.5371
6.8971
6.6402
6.6402
6.2372
1.8213
1.9073
2.4974
2.4974
5.6394
-0.9165
0.1695
3.0116
3.0116
-0.4524
2.5287
-0.5373
1.0518
1.5348
-1.1502
6.6999
1.7779
2.8180
2.8180
1.9580
5.5571
3.7571
3.4622
4.0062
5.8252
0.1703
4.5843
1.0373
1.0373
4.2834
3.8065
3.1825
2.3755
1.8736
-2.3614
0.7637
0.7117
2.4617
2.4617
0.8378
5.3609
-0.3311
4.9609
2.2150
3.0110
3.7611
1.4341
0.6271
0.6271
1.4542
0.2822
-0.0667
1.9503
5.4184
3.7254
0.4754
4.6835
2.1365
2.1365
-4.5084
-7.7664
-7.8783
-9.6013
-6.9052
-4.7882
-4.9392
-6.2651
-3.5761
-3.5761
-4.6480
-2.7680
-3.9269
-8.4289
-7.1899
-8.0578
-6.2318
-3.8627
-5.4337
-5.4337
-3.5516
-4.1146
-1.1585
-1.3925
-3.3905
-1.2134
0.9266
-0.6593
0.4267
0.4267
-0.4643
-2.9412
-1.3061
0.1929
1.3699
-0.4600
1.3280
1.5900
-4.3239
-4.3239
0.9702
-2.7988
-0.3008
-0.9477
-1.5487
0.6524
-2.6286
-2.2756
-0.4865
-0.4865
3.3036
3.6716
1.4376
0.3327
-1.5963
-1.8162
1.2548
2.7448
1.6179
1.6179
0.9419
3.2950
-1.0460
0.4981
0.4981
1.7841
2.2442
2.2442
0.3633
0.3633
2.2073
1.1324
1.1274
2.0755
2.0755
0.9175
1.9366
2.7326
7.0016
7.0016
7.8917
3.7028
8.0408
11.1188
11.1188
12.3829
8.3390
7.9970
7.8010
7.8010
8.6751
6.1962
8.5952
8.5822
8.5822
9.4543
9.4814
10.0174
11.3704
11.3704
7.0545
10.0185
13.0506
8.3196
8.3196
6.3547
6.4557
7.1988
2.4518
2.4518
4.6399
3.4129
3.5520
1.7070
1.7070
-0.7779
1.9421
3.4632
3.6332
3.6332
3.0163
4.6163
3.0764
1.6434
1.6434
2.4844
6.8015
1.2466
4.8976
4.8976
-0.9303
2.9187
-0.6442
2.3808
2.3808
1.1158
1.7229
-0.5650
2.5290
2.5290
-3.2839
0.6191
0.2542
-2.1248
-2.1248
0.9912
0.6213
3.1803
1.4044
1.4044
-1.0575
0.4785
-0.7405
-3.1124
-3.1124
-3.1634
-0.0453
-0.2343
-2.0562
-2.0562
-1.9472
-4.4171
-2.9491
-5.0460
-5.0460
-3.6170
-4.4979
-5.7939
-6.4328
-6.4328
-7.0798
-10.5337
-5.9977
-6.1936
-6.1936
-9.0546
-7.4935
-5.3915
-8.6184
-8.6184
-3.1744
-3.8723
-8.9923
-7.7692
-7.7692
-6.1392
-7.7241
-5.5091
-10.4610
-10.4610
-8.7180
-2.9819
-4.7659
-4.0079
-4.0079
2.3372
-3.1927
-4.8397
-3.8227
-3.8227
-5.2606
-1.9155
-2.9595
1.7755
1.7755
-2.5564
-1.9963
0.3407
0.5037
0.5037
-1.0422
0.7849
1.4509
4.5139
4.5139
1.5410
0.3980
2.2551
0.0051
0.0051
-2.1288
-0.1798
-3.6967
1.7483
1.7483
-0.2096
1.6854
-2.4885
0.3765
0.3765
-2.5434
-2.2284
-1.4403
0.7687
0.7687
-2.2732
0.5298
-0.8721
1.4349
-3.8911
-0.6680
-3.7730
-4.9769
-2.1729
-2.1729
-3.8129
-3.3198
-5.0197
-1.0637
-1.5657
-0.3726
-1.6166
-1.3426
-1.3426
-1.8156
-1.6856
-1.6556
-2.1746
-2.1746
-1.7696
-1.8156
-1.5556
-1.8846
-1.8846
-0.9606
-0.8156
-0.5486
-0.3346
-0.3346
-1.3116
-2.1896
-0.0976
-2.4186
-2.4186
0.1384
-0.2426
-2.1746
-0.0906
-0.0906
3.0934
0.8254
-0.2426
-0.1666
-0.1666
-2.0516
-0.3116
1.3904
0.2154
0.2154
-2.5326
3.9324
1.7414
-0.8156
-0.8156
1.2014
2.2055
-3.7925
0.6296
0.6296
-1.4444
-0.8293
1.0727
-2.2152
-2.2152
-0.6152
0.2419
0.6709
4.9940
4.9940
0.4230
2.9231
-2.0289
2.9662
2.9662
2.2982
2.2163
1.3483
1.8544
1.8544
-2.5166
-0.9725
3.3425
-0.7925
-0.7925
2.0056
-0.2363
-2.1353
-2.3473
-2.3473
1.8538
2.7199
1.0729
0.4879
0.4879
3.3690
-0.2769
-0.4739
3.0321
3.0321
1.3572
1.7173
1.8113
1.0343
1.0343
3.2064
1.4224
4.5545
-0.0465
-0.0465
1.9576
1.7226
1.4577
3.7877
3.7877
0.6528
1.0988
0.0329
-0.8661
-0.8661
0.7470
0.3840
0.0961
-0.4589
-0.4589
-1.4568
1.2112
4.0533
5.1013
5.1013
0.2424
0.9844
-0.1505
-3.6215
-3.6215
-3.4114
-2.2794
-2.9643
1.2737
1.2737
-3.5943
-3.8042
-3.5271
-0.9601
-0.9601
-2.8591
-2.9010
-2.2569
-4.1409
-0.7879
-1.5258
0.6672
2.4012
-1.8787
-1.8787
-5.1646
-1.2696
-1.8706
0.6425
0.2095
2.5626
-2.4274
-2.2954
3.8137
3.8137
2.7547
-2.1802
1.8518
-1.9321
-2.0291
1.5830
3.1430
3.5490
-1.8229
-1.8229
1.4711
0.1072
-3.1658
4.1953
-1.7727
1.3363
0.5984
-1.9646
-0.2525
-0.2525
6.8565
3.8066
3.6406
4.4367
3.3777
0.3797
1.4128
3.9408
5.9589
5.9589
1.3899
2.2470
3.1730
2.9840
3.1691
4.0341
4.7232
1.8552
4.0402
4.0402
1.2803
0.6874
5.9714
1.0504
4.0065
2.0315
4.5296
2.3406
4.8386
4.8386
4.1337
0.6848
0.6568
3.0858
0.7829
2.8379
0.7709
2.0330
0.0730
0.0730
3.8411
4.2091
3.2872
2.3272
1.6353
0.1943
0.6463
-0.5196
2.1544
2.1544
1.4255
2.8095
0.6516
2.5696
1.0216
3.2377
1.3007
0.9978
0.7478
0.7478
-5.0041
-7.3841
-4.1450
-1.2800
-1.6830
-6.0699
-5.0219
-4.3948
-6.3388
-6.3388
-7.0067
-6.0277
-6.2926
-1.9696
-2.6166
-3.7135
-1.6435
-5.3585
-4.4714
-4.4714
-1.9483
-5.4723
-5.5313
-5.4302
-5.4302
-4.4972
-2.2721
1.9669
-3.8400
-3.8400
-3.8760
-0.9939
-1.5569
-0.2188
-0.2188
-0.1028
-1.2287
-3.0507
-3.3156
-3.3156
-4.1826
-4.1805
-4.8195
-10.3894
-10.3894
-6.2504
-4.4753
-4.7323
-8.1732
-8.1732
-7.3032
-3.6622
-5.4252
-5.1202
-5.1202
-2.7152
-3.7992
-0.9592
-5.2722
-5.2722
-5.3722
-3.0742
-0.5782
-1.5852
-1.5852
1.8118
-5.1732
-2.2112
-7.6852
-7.6852
-1.6242
-5.1042
-2.6462
-2.1882
-2.1882
-3.1202
-5.5932
-3.6162
-0.8302
-0.8302
0.0858
0.8268
-1.3332
0.1398
0.1398
-2.0282
-1.0892
-0.6542
1.0248
1.0248
-0.4172
-3.2042
1.9488
-1.4862
-1.4862
-2.1122
0.9178
0.2998
-2.0662
-2.0662
-1.1812
0.7198
-4.3492
0.9568
0.9568
0.0638
2.0248
2.2008
-0.2802
-0.2802
0.0178
3.4068
0.3758
2.8268
2.8268
0.9408
1.6508
-1.7002
-1.1272
-1.1272
-3.7912
-4.4942
1.3308
2.8498
2.8498
1.4148
-2.2492
-1.0362
-0.0432
-0.0432
0.6128
-0.1962
-2.7692
0.1548
0.1548
0.1778
-0.5622
1.1778
1.6818
1.6818
-2.5322
-0.9522
-0.1812
3.3458
3.3458
-0.6422
-4.7572
0.2219
-3.6631
-3.6631
-3.2661
-2.2431
-4.0981
-1.3351
-1.3351
-3.3961
0.5429
-2.6021
2.0079
2.0079
7.3309
0.0350
2.2890
0.3680
0.3680
-0.3229
-0.0538
-2.7688
1.5682
1.5682
2.6113
-1.3417
-0.0106
1.1664
1.1664
-1.9455
-1.9035
-0.6804
-3.1134
-3.1134
-1.0783
0.8237
-3.2582
-1.2712
-1.2712
0.0459
0.1929
-0.7670
-2.2530
-2.2530
-0.9819
0.8601
-2.4048
-0.7088
-0.7088
-2.2408
-0.0687
-3.4127
-1.7327
-1.7717
-0.2137
0.5643
-0.2447
-1.5807
-1.5807
-2.9087
-1.8547
-0.3137
-2.6337
1.0223
-2.3967
-1.9697
-2.1067
0.9083
0.9083
3.4963
-0.7327
-0.2297
1.4374
2.4084
0.5864
-2.5955
-0.3645
-0.7204
-0.7204
-3.2154
1.3927
-1.0103
-0.0772
-0.5182
-0.7832
0.0969
3.1529
-0.0130
-0.0130
1.1430
-0.4119
-0.4019
2.2711
2.2202
2.2202
1.1103
1.5243
0.1443
0.1443
-2.5766
-1.3765
0.0835
1.4755
-1.4544
-0.9024
1.5577
0.0327
0.6147
0.6147
-0.9612
-0.2721
6.4399
-1.5351
1.9710
-0.0880
3.6240
0.2981
0.1391
0.1391
3.0212
-0.6258
-1.3567
-1.2647
-1.1998
-0.8428
-0.6218
-0.4939
-0.4429
0.0420
0.0490
0.2230
0.1599
0.4329
0.6578
0.9018
1.4038
0.3327
1.1397
-0.5974
-1.1004
0.1336
0.1925
-1.0915
-0.0116
-0.7826
0.4974
-1.4057
-0.5827
0.0692
-0.2908
-1.3518
-2.3389
1.0101
-4.0020
-4.7270
-2.8130
-1.2420
-4.2671
-4.3862
-3.1112
-4.6932
1.9688
-5.6743
-0.1214
-4.9304
-4.1924
-1.1554
-2.5165
-2.4826
-3.9556
-2.5226
-2.1206
0.9313
-1.1498
-2.8538
1.9632
-2.6268
1.2801
-1.7839
-1.1599
2.1970
2.4780
-2.4631
-1.6121
-1.5281
-3.0802
-2.7232
-0.7713
-2.2333
0.2627
0.7566
0.0606
-0.5675
-1.6845
-2.8165
-0.5896
-2.9806
-0.1427
-1.5817
1.6452
0.6072
-2.0058
-2.0158
-2.2999
1.3391
-0.3420
-1.3440
-4.4530
2.7869
-2.5871
-1.6202
-2.6982
0.7888
-0.5953
-1.7803
-3.8434
-0.4794
-0.0154
-2.9735
-2.4475
1.6044
-0.8026
-2.6136
1.7813
0.9013
-3.0317
-2.7438
-1.8298
-1.4369
-1.4369
0.9501
-3.0750
-1.5270
-4.0251
-2.7601
-4.1211
-0.9022
-5.3392
-4.4043
-7.2743
-5.9173
-6.3084
-4.3644
-6.1605
-5.5435
-6.1335
-2.5026
-6.1536
-7.5467
-5.0137
-7.5867
-6.4288
-4.2248
-7.1878
-8.2059
-6.6729
-6.8360
-4.8910
-7.1321
-8.3991
-8.1031
-4.0752
-9.4132
-3.5752
-7.0583
-3.5253
-5.4824
-2.2854
-4.5335
-4.5945
0.4565
-1.2245
-1.2266
0.7714
-2.7507
-0.5157
-2.5787
-3.5888
-1.2799
-3.0729
-1.9759
-1.9859
-2.3010
-6.5320
-3.1371
-2.4521
-1.0571
-1.6242
-4.9942
-4.0782
-2.0423
-6.8913
-2.9544
-4.2314
0.5296
-2.9915
-4.3375
-5.1176
-2.3436
-1.7326
0.4033
-3.2327
-3.7458
-2.2678
-0.7888
-2.9429
-5.4339
-1.7490
1.4380
-1.9301
-3.3431
3.1209
-3.8661
-0.5722
2.5857
1.9757
-1.5993
-2.8533
-3.1164
-0.6584
-2.2105
-2.7775
-0.1225
-2.1806
-2.1517
-0.2127
-3.6197
-3.5067
-1.7558
-0.2668
-1.8029
-3.6449
-5.4639
1.1050
-0.8190
-0.9660
-0.7161
1.9079
-3.8442
-1.3562
-0.7172
-1.7343
0.8747
0.4356
2.8326
-1.5204
-0.5155
-0.6395
0.7074
-0.1546
-1.5156
2.6193
-3.6187
0.3922
-3.4628
0.7332
-1.3069
0.3711
-1.5190
2.7020
-1.7350
-2.8051
1.6579
2.6618
1.6918
-1.8822
2.9937
-0.9703
-0.3404
0.8346
0.0386
-2.1695
-0.7895
2.8394
0.5704
0.5704
-0.1187
0.6503
2.8902
-2.2848
-2.1568
1.6802
2.6101
-0.6230
3.3840
-0.0680
0.5480
-1.6061
0.5798
-4.4652
-1.1772
0.3698
-3.7003
-0.7124
0.2796
0.2706
0.5966
2.0215
5.5105
2.3655
5.0825
0.2355
0.9535
4.9605
8.0605
4.9915
4.1365
5.6935
4.6245
6.8235
4.6475
3.7625
6.0215
6.8695
4.3885
1.3805
3.5405
6.4286
5.4766
6.0276
1.5267
7.8867
4.1788
2.8458
5.5188
3.2309
7.7289
5.7470
1.9780
3.5670
3.1041
5.5791
2.7952
4.4692
1.6232
4.6633
3.0623
2.0643
4.0824
7.3284
7.8185
4.0425
4.6245
3.1536
3.8886
5.6457
5.0757
8.2297
10.9268
6.3868
2.0609
1.4599
0.9809
-0.5060
4.0000
1.4451
0.7291
-0.3599
-3.2058
-2.8368
-3.1178
-1.4897
-3.7167
-1.4856
-4.5216
0.8244
-0.1205
2.0195
2.7926
0.3816
1.6436
1.1267
-4.0623
3.4898
0.0338
-0.5372
0.5109
-2.3271
-2.2490
-0.5750
-0.4050
-0.3569
-0.4089
-3.4899
-0.3888
-0.3638
0.0963
-0.2527
-2.0677
0.6364
1.2724
-4.2905
0.9325
-2.1875
-1.1544
-1.1074
1.1007
-2.5613
-0.4823
0.4588
-4.1732
-3.9341
-3.0161
-0.2131
-1.2490
1.4250
1.7320
-0.5559
0.5151
-1.7498
4.5032
-2.3718
2.8893
-0.5357
-0.3816
-0.7076
3.4014
-0.1235
-3.2735
-0.9054
1.7306
1.2436
-2.4563
3.3697
-1.1092
0.8628
0.9718
0.6379
-2.4821
-0.5491
-5.2270
-1.1560
-2.9169
-0.3809
-5.2799
-4.0788
-0.8938
-0.3347
1.1333
-4.0097
-0.3816
-0.7306
-0.7895
-3.7575
-0.2135
-3.7684
-0.7744
-4.7644
-0.5483
-0.0583
-4.2082
-0.9852
-2.1972
-1.4391
-4.2161
-1.4500
-2.0130
-3.2040
-0.1350
-2.2420
-5.1960
-5.5930
-3.7840
-1.6540
-0.4560
0.8720
-0.2650
-1.6930
-3.1890
-0.8380
-3.0210
-6.6010
-4.8530
-1.3110
-3.9900
-3.1200
-4.2880
-3.7920
-3.8530
-2.9370
-1.1580
-4.2500
-0.0440
-0.3640
-3.1050
-3.8990
-1.0970
-0.7920
-3.6010
2.2390
-1.5780
-2.1960
-3.1280
0.3530
-2.4330
-3.1200
-2.1740
-2.1740
-3.1280
-4.3410
-4.9060
-3.1050
-4.9370
-1.9830
-2.2880
1.6660
-0.5550
1.7350
-2.0740
1.5130
-0.7610
-3.4410
-1.4640
-0.2420
1.1170
-2.3570
-3.8300
-1.2580
-1.7230
-2.5320
-3.4640
-1.5320
-1.4870
-1.4870
-0.9830
-0.4790
-0.3720
-0.2040
-0.2040
-0.1580
-0.3870
0.2390
-0.3110
-0.3110
-0.5090
-0.0210
-0.2040
-0.5780
-0.5780
-0.7080
0.1090
-1.4480
-0.2580
-0.2580
-1.5700
-2.0130
5.4750
-1.3640
-1.3640
-0.1890
2.6360
2.9640
-1.8680
-1.8680
-5.1740
0.2010
0.3230
1.1550
1.1550
1.0630
-1.5400
1.6510
-0.7840
-0.7840
-0.4410
-0.2730
1.6430
-0.0740
-0.0740
3.9960
2.7101
-2.5848
0.0432
0.0432
-1.4208
-0.1187
0.1274
-0.2066
-0.2066
-3.4085
-1.2465
-0.2675
-0.8754
-0.8754
0.6317
-1.5953
-1.4483
-0.9952
-0.9952
2.0469
5.1099
-1.3541
0.0070
0.0070
-2.8279
-2.4679
-2.0759
0.8722
0.8722
0.8003
-3.0757
2.8653
-2.2696
-2.2696
-2.4336
0.7975
1.0665
-2.2444
-2.2444
-2.5634
0.1737
2.1607
2.6128
2.6128
-0.9172
-3.1981
-2.0281
-2.7810
-2.7810
0.8180
0.7441
-1.7959
-2.7788
-2.7788
0.0322
-2.2157
-1.3127
1.1093
1.1093
-0.3826
3.5965
-0.2875
-0.0865
-0.0865
2.0906
-1.1643
3.0437
0.2667
0.2667
-1.7772
-0.7191
-1.8471
0.6889
0.6889
4.0370
1.5351
-1.2949
-0.3159
-0.3159
-2.2278
-2.4398
-3.3987
-4.4357
-4.4357
-2.6926
0.8914
-4.4805
-1.0285
1.3936
1.3936
-1.4874
2.0717
-0.3763
-0.3763
-0.3292
-0.0582
-0.0582
-0.6411
-1.7610
-0.2170
-0.0550
1.7561
-1.6159
-1.6159
0.5332
4.9472
1.5983
0.6003
1.2743
4.1464
1.0874
2.9825
0.8775
0.8775
3.3396
3.6626
0.1457
0.8807
-0.1333
1.2588
0.0618
0.2399
4.5319
4.5319
3.7779
-1.8590
5.2960
1.8241
2.8641
0.8892
3.0062
2.8702
4.4533
4.4533
7.0883
4.7724
-0.8066
0.8605
0.6635
4.2916
-0.7984
1.1736
1.1217
1.1217
0.1338
0.1508
-0.0452
0.4449
0.2339
2.4569
3.7030
1.5530
2.4401
2.4401
3.7041
0.9272
5.8072
0.9923
3.9943
1.8283
5.6244
3.2674
1.4985
1.4985
4.9055
1.3216
0.1486
2.9666
1.2897
5.2077
3.6908
3.3188
1.9388
1.9388
0.7349
4.3570
1.8780
6.8350
3.5921
2.7321
5.1232
4.7282
5.6232
5.6232
-1.2137
5.0574
6.1964
3.4734
1.6285
0.0955
3.6475
-1.4264
-2.8674
-2.8674
-3.9933
-2.7703
0.3088
-2.1852
-2.8551
0.0779
0.7669
-1.0400
-3.2900
-3.2900
0.2261
-0.3749
-1.5948
-3.4098
-3.4098
-0.2017
-1.5937
-0.2176
-0.9416
-0.9416
-3.0616
-0.1565
0.7766
-0.1904
-0.1904
-0.2933
-1.9023
2.4058
1.3008
1.3008
-0.0161
6.5509
2.0640
0.6540
0.6540
0.1910
0.6531
7.1812
-0.8848
-0.8848
-1.3258
4.8923
-0.1667
-0.9286
-0.9286
0.2184
2.4215
0.6215
1.4326
1.4326
2.6207
2.4317
1.5857
2.2068
2.2068
-1.4942
1.7089
2.2219
2.0410
2.0410
1.8450
2.5281
1.8051
1.7532
1.7532
1.0002
0.8283
0.2193
3.4584
3.4584
3.5004
-0.3755
3.5205
-0.1804
-0.1804
0.1676
3.4827
-0.5153
0.6548
0.6548
5.6638
0.3859
3.0439
1.2600
1.2600
3.5310
1.3121
3.9701
4.5371
4.5371
4.0742
0.2763
2.8203
0.6773
0.6773
0.9864
4.3175
1.0295
3.7405
3.7405
-3.0484
-5.5963
-0.3503
-2.4323
-2.4323
-4.6212
-1.4101
-4.2411
-3.7191
-3.7191
-1.0740
-3.3010
-0.2839
-5.6559
-5.6559
-3.6518
-1.4128
-1.7167
-2.3787
-2.3787
-3.5496
-4.4416
-6.3855
-1.7045
-1.7045
-3.1734
-3.6214
0.4717
-5.2973
-5.2973
-2.9952
-0.0622
-4.9611
-1.0431
-1.0431
-6.8930
-3.5330
-0.0649
-5.9559
-5.9559
2.8701
-0.3318
-2.0317
-2.7547
-2.7547
-1.2856
-4.0996
-1.0365
-1.4775
-1.4775
1.2206
-2.7994
-0.0493
-0.7573
-0.7573
-6.7553
-0.7212
-2.9402
1.6569
1.6569
-1.3770
0.7850
-3.2200
0.1711
0.1711
0.6851
-2.9908
-0.8208
-2.9787
-2.9787
-0.5396
0.0654
-1.8796
0.2985
0.2985
-0.0185
2.4036
2.8176
2.0647
2.0647
0.2577
-0.3032
1.3088
-0.0631
-0.0631
0.2449
0.1110
-1.5890
-0.1819
-1.5539
2.5701
-2.1608
-0.4258
-0.4237
-0.4237
1.3893
2.1544
0.2104
1.4334
-0.3885
-2.3415
2.6996
0.0826
-1.2124
-1.2124
-1.4173
1.1598
0.6808
0.5608
4.6849
0.6109
4.2390
-0.2480
0.0750
0.0750
3.1841
-0.1478
1.5332
0.3902
0.0873
1.3713
-1.6877
-0.2576
-0.7366
-0.7366
3.0385
3.4905
1.6986
-0.5814
-0.1823
-0.2193
2.0347
2.9458
2.7258
2.7258
5.2419
-0.3751
2.5050
-2.3630
-2.3630
1.6261
2.5061
-2.0418
0.9302
0.9302
-2.1497
2.4553
-1.8106
2.0084
0.4074
2.6765
3.8545
1.4446
-0.0194
-0.0194
2.4176
2.3987
-0.3622
0.1268
-0.1792
0.0118
-0.2022
-0.0032
-0.0032
-0.2702
-0.0572
-0.4542
-0.2402
-0.0262
-0.3242
-0.3092
-0.0952
-0.1712
0.5158
0.5158
-0.8662
-0.1792
-0.8052
-0.9802
-0.9962
-3.5072
-1.0192
-4.4462
-1.6902
-1.6902
-1.4813
-3.0254
0.9116
-2.7924
-2.8175
-2.6135
-2.3176
-2.9456
2.7774
2.7774
2.2923
-3.7018
4.6322
1.2102
3.9411
1.1321
-1.5569
2.1911
-3.3689
-3.3689
-0.4640
-0.5881
2.9229
0.3199
0.4349
-3.2371
-2.2851
-1.9281
1.7948
1.7948
-1.3233
-1.8453
2.3057
0.0157
1.6647
-1.7783
-2.6814
-3.8054
3.7275
3.7275
0.3795
-0.2716
-3.4566
-0.1917
-1.6137
-3.2107
0.1082
-3.1688
-3.3008
-3.3008
-1.9839
-1.9330
-0.7360
-1.9370
-2.6261
-2.1091
-3.4242
-3.3572
-4.2832
-4.2832
-3.4243
-0.2584
-0.0774
-3.3624
-2.9065
-2.2975
-1.0396
-3.3246
3.7344
3.7344
-1.5517
-0.3397
-2.5408
0.8462
0.8462
0.7051
-1.0429
-3.6200
0.1420
0.1420
-1.2901
0.4259
1.3248
-3.0212
-3.0212
0.3797
-3.0573
-0.7624
-1.2674
-1.2674
-1.9365
1.5735
-1.8256
-0.9496
-0.9496
-1.6027
-1.2617
0.9352
3.5212
3.5212
-1.8189
3.2021
0.6120
-0.4360
-0.4360
4.1559
1.1759
1.2888
1.1268
1.1268
0.9997
2.9677
4.1047
0.2727
0.2727
1.6087
2.0747
2.1047
1.9527
1.9527
6.1277
-0.7043
4.7157
2.5097
2.5097
1.8987
2.8377
0.9067
2.8377
2.8377
7.0667
-0.0473
5.1277
2.4407
2.4407
5.1207
8.7387
4.7617
10.1677
10.1677
8.3558
4.5408
5.9019
5.1399
5.1399
0.8290
7.2380
7.3091
7.1731
7.1731
5.2292
1.6222
4.7003
0.1073
0.1073
2.4754
5.1744
2.7945
3.7895
3.7895
4.8365
-1.0594
0.8507
1.7307
1.7307
0.6947
1.0418
-0.0171
5.2749
5.2749
-1.9371
-1.3520
5.1611
2.0101
2.0101
-0.9548
1.3222
-0.6987
4.3643
4.3643
2.8794
2.6074
0.8764
0.8015
0.8015
0.6456
2.4336
0.2756
2.8727
2.8727
3.0838
2.0088
6.9808
1.2799
1.2799
3.6409
6.8510
0.5860
1.8631
1.8631
6.5441
0.8232
4.1462
-1.4927
-1.4927
-0.1147
3.6504
2.1564
0.4175
0.4175
6.6965
1.5236
2.4256
-0.1213
-0.1213
-3.7153
-2.1842
-3.8462
-1.2261
-1.2261
0.9899
-4.7390
-1.1640
-3.5289
-3.5289
-2.6639
-0.8968
1.7082
-1.5798
-1.5798
-4.3847
-0.8556
-2.4566
-3.7146
-3.7146
0.5565
-5.3494
-2.2714
-1.2004
-1.2004
-1.7303
3.1268
-0.8642
0.6498
0.6498
-1.3461
-1.2600
2.3600
-1.3400
-0.9569
3.2211
1.1161
-3.0648
-2.9788
-2.9788
-3.1047
-3.8047
1.9914
2.7334
2.0715
2.1725
2.2665
-0.7624
0.6906
0.6906
2.8827
1.4287
1.3858
1.5098
0.0609
0.0099
-0.0111
0.8000
3.7720
3.7720
2.6151
1.9841
5.7642
2.5532
0.1812
2.6943
1.5663
2.9504
2.8154
2.8154
3.5135
2.8365
3.6786
4.5426
3.0486
2.0737
2.1287
2.6808
2.9268
2.9268
3.4879
3.9409
-1.7821
1.0210
1.1070
2.8571
4.3941
6.2351
1.0312
1.0312
1.5313
4.2053
5.0323
3.4464
0.0514
1.8625
1.8035
1.0115
7.0286
7.0286
5.1756
-0.6673
2.5107
-4.5262
-3.5392
-4.9872
-2.5881
-1.5561
2.8200
2.8200
0.6410
-1.1199
-1.9809
1.2272
-2.3428
-4.2568
-1.3387
-1.9327
-3.1596
-3.1596
1.1634
-2.5965
0.0775
-1.1645
-2.6054
-1.0844
-4.9523
-2.5223
-3.1243
-3.1243
-1.2892
-0.6022
-0.2442
-0.2592
0.0538
-0.5112
0.0848
-0.9692
0.2368
0.2368
-0.3122
0.7718
-1.0832
0.8558
-0.6562
-2.3962
-0.8242
1.0458
-0.2132
1.1148
1.1148
0.5728
-4.9152
-3.8012
-3.8012
-1.0602
-0.4572
1.4888
-1.4572
-1.4572
-0.3962
-1.4502
2.5428
0.4738
0.4738
0.7948
-0.8772
1.9618
4.2828
4.2828
-1.9612
-1.9612
2.9088
-1.2052
-1.2052
0.8778
-0.8012
3.4428
-0.3282
-0.3282
-2.3432
-2.0682
-3.5412
-0.6332
-0.6332
1.3978
-4.4122
0.0618
-3.3282
-3.3282
-1.4272
2.1528
-2.4122
0.2138
0.2138
-2.1752
-0.8392
-0.8772
-2.3432
-2.3432
1.3288
-1.8392
1.6718
-2.7022
-2.7022
-3.0222
-3.2212
-5.5872
-2.6482
-2.6482
3.0998
-0.9692
-0.9692
-4.6022
-4.6022
1.6038
2.5118
-2.2672
-0.1522
-0.1522
0.2448
-0.7092
-3.6022
-2.1602
-2.1602
-2.7552
-0.0992
0.5348
-4.5642
-4.5642
-2.4502
-0.4572
0.9848
-0.1292
-0.1292
-2.2463
0.3877
-2.9423
-2.8303
-2.8303
-1.3224
1.5985
-2.9145
1.4955
1.4955
-2.4326
-5.1666
0.1663
-2.0797
-2.0797
0.6642
-1.7418
-1.9199
1.6811
1.6811
-3.3840
0.6980
-0.4912
-0.3483
-0.6633
-0.6044
-0.7284
-0.9364
-1.4725
-1.1775
-1.5685
-1.4786
-1.6106
-1.8417
-1.4847
-2.4947
-2.4947
-2.7738
-2.1649
-2.4269
-1.4899
-1.0110
-1.5090
-2.0611
-1.1851
-0.3171
-0.3171
-0.5192
2.3258
1.4007
1.4007
-2.6264
0.2266
0.6216
4.5355
-2.4895
-1.6066
-1.2796
-0.8776
2.2583
1.7823
0.6202
4.7482
0.5012
0.2171
2.9861
3.4340
2.9590
1.7130
1.3669
3.3199
-3.1791
3.9028
-3.2362
3.0977
1.2867
-1.3573
0.6716
2.5706
-3.0115
-0.2205
-0.5735
-1.2396
-3.8906
-1.3197
-1.7567
-1.7567
-4.0818
1.2292
-4.5359
-2.5689
-0.9519
-1.9320
-4.5750
1.5530
-2.9381
-2.1081
-0.8042
-0.3022
-3.0522
3.8157
-2.1633
0.9486
0.3436
-2.6204
-0.8355
-0.8355
-3.9846
1.8984
1.8274
-1.7847
0.5263
-0.2778
-1.2038
2.6112
-0.6429
1.1801
0.0251
-2.6330
-0.9560
-1.8131
-1.8131
1.3359
0.4478
-0.2872
-0.3573
1.6097
-0.2323
1.3616
-2.4574
1.0515
1.0515
-0.4485
0.0004
2.2884
1.5683
1.5683
-1.5267
-2.9108
-0.4928
2.3062
2.3062
-0.2239
-1.3260
0.3980
-2.6960
-1.2481
0.7959
1.2828
0.6848
0.6848
2.0728
-3.6113
0.6156
-0.9204
1.7336
1.6935
1.3785
1.7504
2.8344
-1.1576
-0.9006
0.3744
-2.4976
-4.0337
-0.8067
3.7103
2.4653
3.9843
0.8093
3.3203
1.8243
0.0073
-2.0227
3.6333
1.9233
0.0003
2.7403
-0.6407
-1.6107
-1.1527
1.1073
-1.0917
3.2293
3.0003
1.9463
1.2973
2.0233
0.5573
2.4043
2.4123
1.3053
4.6333
4.3743
4.6103
1.5803
1.1753
1.8323
0.1833
1.5113
1.5113
1.6493
-1.4197
2.8623
1.8243
2.3973
2.3973
-0.1607
1.9313
3.0233
-2.5417
-0.3507
2.2823
2.2293
1.2213
4.9013
5.0683
4.0463
2.5493
4.3973
2.0233
4.2673
1.7173
-0.0607
5.7423
2.8593
2.8593
3.1604
2.1474
-0.0485
0.8845
1.7796
-1.7224
-0.2544
2.0837
-0.7773
2.7668
2.0588
-0.4732
2.1549
-0.6521
-0.6270
1.0310
2.4760
-0.4379
0.8391
3.4822
3.1482
3.3412
-0.4507
-1.1817
-1.1817
2.5704
3.2974
1.6205
-1.3245
-3.7645
-2.2744
-3.9974
-3.6513
-1.5503
-1.5503
-4.3523
-1.4823
0.2667
-2.0543
-2.0543
-0.9853
-3.6573
-3.4893
-3.1383
-3.4133
-1.3143
-0.5963
-2.6423
-3.1463
-3.1463
-0.0393
-1.4433
-2.9933
0.5867
0.5867
-3.9243
0.8847
0.5407
3.2207
3.2207
0.2207
-1.3823
2.0597
-1.3903
-2.0623
0.4037
2.4877
2.1897
1.1287
1.6177
0.4417
3.8767
-0.3213
-0.3213
2.6707
1.7397
-2.1843
0.7857
2.2737
-0.5813
2.5487
2.5027
-0.9243
0.8697
0.7697
-4.9013
1.7627
3.5947
0.4267
3.0217
5.4267
-1.1913
2.7397
2.1597
2.1597
-1.8103
1.2207
3.3117
1.7627
0.6017
0.9987
5.0987
-1.3903
3.0677
5.4727
2.0677
4.3727
3.6197
0.9808
5.4858
3.3049
3.0929
1.6299
3.6720
4.4960
4.8721
0.4851
5.1661
1.2982
1.5602
2.2182
2.1673
0.4673
0.4673
2.1984
2.4344
4.4905
2.0345
-0.3684
-0.5344
-1.7534
-3.2703
-2.1923
-4.8372
-4.8372
-2.2242
-1.3371
-0.4111
-2.6380
-6.8590
-2.3710
-5.8440
-6.3550
-2.6760
-2.2100
-6.1800
-2.9200
-0.8290
-3.2790
-3.1340
0.5680
-1.6910
-0.8970
-3.6840
-2.6230
-3.4620
-4.6610
-2.8060
-1.5620
-2.5920
0.4160
1.2930
-4.0120
-1.6840
-0.6680
-2.2490
-1.5460
0.8960
1.2550
0.4540
-1.2100
-3.6910
-0.7140
-0.7140
0.4690
-3.5310
-2.8060
0.1100
-1.9740
-4.0810
-0.9050
-0.3100
-3.1870
0.6830
-0.5540
-6.0270
-2.2961
-2.7111
-4.3462
-0.4172
0.0468
2.3877
3.4927
-0.9064
-0.9064
0.2726
-2.4845
-5.1285
-3.9846
-3.9846
-4.5306
-5.1367
-6.3677
-7.1248
-3.7528
-2.9918
-2.8789
-5.3619
-1.5699
-1.5699
-5.5130
-6.0421
-4.3191
-4.4121
-4.4121
-6.5692
-6.7163
-3.0463
-6.7743
-6.7743
-3.3424
-5.1465
-4.4615
-8.5555
-6.6336
-8.7276
-2.5617
-4.2117
-3.5047
-3.5047
-5.4248
-2.4418
-1.1919
-4.5829
-1.9970
-3.9150
-4.3530
-3.1791
-0.5631
-5.8322
-3.8342
-5.4242
-3.6473
-4.9473
-5.7044
-6.3784
-9.8924
-4.9935
-7.0565
-4.5926
-4.0906
-5.9866
-5.5987
-3.7767
-4.2057
-2.7428
-9.5688
-4.6319
-3.2599
-5.2549
-3.6310
-3.6250
-6.1151
-6.2551
-4.1881
-6.4342
-5.0172
-8.3243
-2.1353
-5.9623
-7.0484
-3.4694
-4.8235
-4.8235
-6.6515
-4.8296
1.6194
0.8084
-0.9957
-0.9957
0.1452
-2.0018
0.0882
4.4451
1.4351
0.0440
0.2170
4.4900
2.7629
2.0129
3.0568
2.8098
1.7618
4.3407
4.3407
1.1916
0.8977
0.8977
1.1358
1.2378
0.9418
0.9289
1.0679
0.9710
1.2550
0.8990
0.8801
0.8801
1.5152
0.2202
-0.1828
1.4073
-2.7897
-0.3526
-0.5186
-1.9896
-1.3285
0.3045
1.7645
1.0116
0.5166
0.5166
1.6817
0.4157
5.8608
4.4658
3.3479
0.1499
2.6329
-2.6860
0.4610
1.3351
1.8621
0.6581
3.8812
-1.0098
-1.0517
4.3453
0.0503
3.1514
-0.3816
2.5695
2.5695
2.7625
-2.1214
1.1256
2.8397
2.8397
3.3377
1.8358
1.2038
1.3989
0.7959
0.4159
1.0290
3.5430
2.2341
2.2341
3.1901
-1.3808
1.8042
0.5183
0.5183
0.6353
2.2173
1.6854
-0.6925
3.5445
1.2105
5.4415
3.6346
5.1807
2.1347
4.0297
4.3137
1.7058
-0.1831
-0.9701
3.2159
-1.2101
-0.4900
1.1781
1.1011
2.4701
2.1361
-0.2968
2.8902
2.8902
0.2973
-4.2587
1.9114
1.4734
1.4734
4.4905
0.4545
-1.0854
-0.8834
-0.8834
-2.6903
2.9297
0.4438
0.4168
0.1878
1.7089
1.8109
0.5680
0.5570
0.5570
2.4521
-1.7749
-4.3299
-4.2268
-4.6318
-3.1027
-2.1007
-0.4037
-2.4536
-2.4536
-4.7335
-1.7845
-2.0575
0.5566
-1.5044
1.8037
1.0117
1.0897
-2.6312
0.3458
1.2639
-0.2151
-2.3581
1.9590
1.9590
1.2590
0.6731
-1.4929
2.5032
2.5032
-1.3498
-2.5077
0.1813
0.1813
2.9104
2.8824
0.5025
-1.2735
0.0816
0.6076
-0.7034
1.8027
1.2707
1.9918
1.9918
-0.2962
-0.4231
2.9149
3.5370
3.5370
3.3100
4.1591
1.2761
-1.4908
-1.4068
4.1522
2.2683
0.6373
0.9844
0.9844
3.0704
5.5155
2.2885
0.6645
1.2186
4.1266
1.2816
3.8637
-1.5752
3.1498
3.4728
2.7568
0.7979
1.5340
1.5340
1.3150
1.7830
3.3951
1.9112
4.6672
1.7982
5.0902
5.8863
4.5854
4.9134
0.8854
-1.2196
4.8665
4.2215
4.2215
4.6736
0.6916
3.0217
-0.5093
2.5447
1.6838
-0.3062
1.1619
-0.1931
0.2269
1.3660
4.0630
0.2101
4.5171
3.3661
0.8032
4.7142
2.9303
2.9033
0.7503
1.1654
1.3194
2.9404
-3.3255
3.2955
-1.7944
-5.4714
-3.1264
-2.5263
-2.5263
-2.8752
-5.6292
-4.4362
-3.1521
-7.3711
-6.6210
-5.6950
-2.1740
-5.9639
-2.5289
-5.5198
-1.0288
-5.1488
-4.2457
-3.9767
-1.8527
-5.8816
-2.5506
-4.4325
-4.4325
-1.3995
-3.4054
0.0316
-2.2333
-4.4073
-0.5343
-1.1662
-5.2022
-5.9691
-5.9691
-2.8141
-4.3160
-5.2780
-3.8200
-5.9040
-5.4310
-8.9650
-7.2250
-7.7440
-7.7440
-9.7670
-7.5070
-7.8580
-6.8200
-6.2780
-7.1030
-9.4690
-7.5851
-4.5191
-4.5191
-5.3402
-7.1742
0.9157
-3.8573
-4.6383
-1.8464
-7.1764
0.8295
0.3235
-0.9535
-0.9706
-2.4996
-0.4787
-1.2057
-1.6197
-1.7218
-5.1508
-4.5268
-4.1779
-2.5309
0.5360
-3.6950
-3.5370
-2.4091
-4.1291
0.9608
-2.2632
-3.0432
-0.1983
-1.2003
5.0346
2.7646
-0.3054
0.4865
-0.4395
-0.1206
2.3734
-1.4076
-0.3487
-0.3487
2.6623
2.7372
-1.2268
0.5571
-0.1849
-1.8819
-0.6930
-2.3210
0.6619
0.6619
-0.7931
-0.4972
-1.7362
3.3687
-2.1753
0.4257
-0.3544
0.6916
-1.0794
0.2636
-1.8124
-1.0954
2.2406
-0.4384
0.5236
3.0496
-3.6374
1.8366
-1.9274
-2.8204
-2.2864
-0.9654
-4.9654
-2.6834
-2.6834
-1.3184
2.2696
1.3076
2.7116
2.7116
0.3306
1.3606
-0.2424
3.7576
-1.7074
-0.0664
-4.5324
2.9716
-4.4174
-4.4174
-0.0814
-2.8524
-2.2344
-2.2344
-1.0814
0.4756
0.1546
-1.4864
-0.1584
-1.6014
3.3536
3.1166
0.8186
1.0406
0.3456
2.5976
0.7276
-0.3494
0.2006
2.2846
4.3916
0.2236
-1.9144
-1.9444
-1.9444
0.5976
1.1316
-2.5094
-0.9754
-0.9754
-3.7684
1.1016
-2.9904
0.4146
-1.4564
-1.7684
-2.5094
-1.4564
-0.9294
-0.9294
-3.2114
-4.8834
-0.9214
1.3766
1.7196
1.1926
-0.2654
-2.4404
-0.5934
-0.5934
1.8726
-1.8454
-2.4254
-2.4254
-0.4864
1.9796
-0.3724
1.0556
-1.7534
-1.7534
2.0326
2.4606
0.5286
-0.4484
-2.9214
2.8266
-0.1204
-3.1584
-4.0054
-4.0054
2.5216
2.0406
-0.7614
-3.6234
-0.8984
-4.2194
0.3076
-4.1584
-0.3564
-0.3564
-1.3644
1.3076
-1.1274
-2.1814
-1.6624
-3.3494
-0.7154
-3.5324
-0.0664
-0.2804
-5.7994
-2.4334
1.1086
0.4986
0.4986
-0.4024
-2.5174
1.5976
-1.0434
0.9106
-0.8524
0.2766
3.1776
3.1776
1.9406
0.1016
-2.3184
1.2846
4.6506
4.6506
-1.7684
-0.0744
1.0176
1.2996
1.2996
0.7506
3.1016
-1.2044
2.5746
2.0856
-1.3494
1.7576
-2.7464
1.1476
-4.1884
0.2846
-2.2884
-0.1044
-0.2574
-0.4404
-0.4404
-0.5324
-0.5244
-0.5704
-0.8224
-0.6624
-0.7614
-0.4944
-0.7004
-1.0434
-0.3724
-1.6084
-0.9214
-1.0434
-0.4714
-1.3724
-2.1884
-2.3724
-1.6314
-1.6314
-0.5014
-5.5094
-3.2494
-1.2274
-0.7234
-4.1204
2.2996
-1.9974
-0.6624
0.3076
-1.7844
-1.7844
-0.9144
3.9406
-0.4634
-1.1124
0.1856
1.6586
0.2086
2.9186
2.9186
-1.1354
-0.6544
0.3306
-2.0894
-0.4174
1.5746
2.3076
-1.9294
-1.8914
0.5216
-0.2114
-3.2724
2.2386
-0.8914
-0.8914
0.7116
3.7506
1.3076
3.1016
3.6126
-0.6164
0.6736
-1.1734
-0.9674
0.9026
-2.7914
-2.8984
-3.2114
-3.2114
-1.1734
-3.1584
2.3076
-0.4254
-1.1734
-1.1734
2.1546
-0.1884
1.3536
-4.7154
-4.7154
0.9796
-1.9904
-0.7304
-2.9064
-0.8604
-0.5244
-0.3564
-0.1734
3.9566
-0.5704
1.5286
-2.5854
2.0476
0.2996
0.2996
1.6736
-2.6694
2.0636
-0.3874
-0.1814
3.7046
-1.1654
0.7726
-0.2804
-0.8754
0.8116
-1.8454
1.0406
3.3306
3.0326
-1.9214
0.2386
1.7726
3.8416
4.3306
3.7346
0.7576
1.7426
1.7426
0.3076
5.1246
0.3226
-0.1124
2.8666
3.4647
-0.5113
-3.8753
-2.1573
0.6977
0.5367
2.5698
-2.6292
0.7988
-0.5832
-0.5832
-0.5222
-3.0332
2.0738
0.1348
-2.2092
-0.5602
0.8448
1.6608
-0.9422
0.5388
1.6158
0.2638
2.7758
4.9148
0.5279
1.9499
2.8139
3.3740
3.5130
3.5130
0.7541
3.1981
1.9562
5.2482
2.3423
3.1003
3.3843
0.3174
-0.7486
-0.9076
1.8275
2.0665
-0.2904
2.6736
1.5836
-2.4523
-1.1223
3.0478
3.2948
-0.7572
0.4889
5.0099
4.6920
4.1670
5.9550
2.7891
4.6691
2.9082
0.0782
0.0782
-1.3757
3.6413
1.1323
-1.8966
3.9454
-0.9995
0.5445
-2.9875
-1.3744
3.1466
-0.6153
-0.2233
0.0307
-0.2732
2.0188
-0.2841
2.6029
2.4989
3.5460
1.2960
-2.1209
-1.1119
3.8291
1.4572
3.4442
-1.3628
0.9903
0.3663
-0.1886
2.7594
-1.2386
-0.4955
-1.3645
-1.3645
1.9376
0.6416
1.3617
-0.7353
5.0298
5.0298
-0.4012
1.0669
1.1299
0.9790
2.3780
4.1890
5.1991
3.4601
5.2031
2.8842
0.1462
-2.0577
-4.6897
-5.8707
-6.0296
-0.4236
-3.5515
0.8775
-3.3875
-2.2704
-3.4904
-4.6793
-2.6003
-2.3923
-2.5432
-2.3192
-2.5921
-2.1931
-3.5581
-0.8530
-0.8740
-2.3300
-2.9239
1.0021
-1.3008
-0.3068
-1.0908
-1.7018
-3.2138
-2.0068
-0.9078
-2.5718
-2.8928
-2.8928
-1.6408
0.1452
2.5802
1.3362
-3.5038
-3.5038
-2.5878
-2.1068
-1.4118
-2.3048
0.4662
0.1762
-0.8168
0.6642
0.0462
-0.8698
0.4512
-0.9848
1.8932
-1.2518
1.2982
1.6412
0.4512
2.9932
3.2752
-3.7248
-0.7708
-1.2898
4.6342
3.9012
3.9012
1.6952
-1.5878
0.4202
1.7412
0.2142
0.1072
2.4812
0.5192
3.8322
3.8322
1.2752
1.1682
-1.3198
4.3442
1.5352
2.2222
4.7353
3.2333
3.2333
4.8314
-0.5776
3.4095
-0.2755
1.9096
1.9096
-0.4524
5.0837
1.0627
1.7978
1.7978
1.5728
1.6589
2.7529
1.9299
1.9299
3.2400
-1.1019
3.1061
3.5361
-0.6228
3.1662
-1.2827
1.3913
-3.4617
-3.4617
-1.2746
-5.4175
-0.8805
-1.8175
-2.8994
-3.1214
-1.2124
0.1536
-2.1364
-2.1364
-1.4564
-1.7394
-2.8924
-5.0294
-2.5714
-0.4184
-0.6474
-3.3804
-0.8384
-4.8534
3.5586
-0.1824
-1.0374
-1.0374
-1.8844
0.2456
-1.5634
-3.9374
-1.6854
0.1236
0.9556
4.3216
-0.5564
-3.6704
0.2836
0.3366
4.7566
-0.8924
3.0316
3.2986
1.5126
3.8176
-1.8234
5.7946
5.7946
1.6656
1.9016
-0.5944
1.8946
1.8946
-0.9154
-0.1664
-0.7624
1.6726
-1.1974
2.1306
-1.1134
2.1306
1.1846
1.1846
-0.1364
-1.8614
1.9706
-0.0064
2.5506
0.1386
-2.4264
-0.0294
2.6426
2.6426
0.4976
-0.7244
-0.1594
-0.1594
0.0546
1.0236
-2.4184
-4.6854
-3.7694
-3.7694
-5.4114
-1.3884
-5.6934
-3.7474
-2.1364
-5.0374
-0.1514
-1.6934
-0.6174
-0.6174
-2.5334
-3.3194
-0.6934
-0.0144
-0.0144
-2.6174
-0.3114
-1.9914
-4.2584
-4.5024
-0.1894
-2.2124
1.3526
0.5276
-0.4564
2.5966
-0.4114
-0.0444
-1.9984
-0.3424
-0.0444
-1.1054
0.7726
-1.7394
-1.9834
-2.8464
-0.4794
-1.9604
1.6426
-1.0064
-3.8994
-1.4874
-4.9534
-4.9534
-3.2204
-2.3954
-2.7084
-4.3654
-4.0144
-2.1235
-3.6445
-1.0505
-1.9386
-3.1637
-0.0727
-2.3257
-2.2057
-1.8108
-3.1798
-1.6249
-1.3139
-0.5219
-3.0730
0.0749
0.1749
-2.7891
-4.9291
2.0848
-1.6652
-2.6672
1.1087